80 144 292
73 34 11 12 14 
1 1 1 1 1 4 
0 0 0 0 0 2 6 
1 3 3 3 
2 2 2 
0 5 
4 
1 
8 8 8 8 8 9 9 9 9 10 10 10 10 10 17 22 
7 7 7 7 7 9 9 9 9 10 10 10 10 10 
7 7 7 7 8 8 8 8 10 10 
7 7 7 7 7 8 8 8 8 8 9 9 
12 12 13 13 14 14 14 15 15 16 17 17 17 18 19 20 20 20 21 21 
11 11 13 14 14 15 16 17 17 18 19 20 21 21 
11 11 12 14 14 14 14 15 15 16 16 17 17 17 18 19 20 21 21 
11 11 11 12 12 13 13 13 13 15 15 15 16 16 17 17 17 17 17 18 18 19 19 20 20 21 21 21 21 
11 11 12 13 13 14 14 14 16 16 17 17 18 19 19 20 21 21 21 
11 12 13 13 14 14 15 15 17 18 19 20 20 21 
7 11 11 11 12 12 13 13 13 14 14 14 14 14 15 15 16 18 18 18 20 21 21 
11 12 13 14 14 15 16 17 17 17 20 20 21 21 
11 12 13 14 14 15 15 16 20 21 
11 11 11 12 13 14 14 15 16 16 17 18 18 19 21 21 
11 11 12 12 13 13 14 14 14 14 15 15 15 16 17 17 18 18 19 20 20 
7 
24 24 24 25 
23 23 23 
23 29 30 
27 27 27 27 27 28 28 28 28 28 29 30 
26 26 26 26 26 28 28 28 
26 26 26 26 26 27 27 27 
25 26 30 30 30 30 32 
25 26 29 29 29 29 
32 32 32 32 32 
29 31 31 31 31 31 
34 34 
33 33 
36 36 36 36 
35 35 35 35 37 38 
36 
36 
40 40 41 43 48 48 
39 39 48 
39 42 42 42 42 42 47 
41 41 41 41 41 44 47 
39 
42 45 45 46 46 47 47 47 47 49 52 
44 44 46 46 47 47 47 47 52 
44 44 45 45 47 47 49 52 
41 42 44 44 44 44 45 45 45 45 46 46 52 
39 39 40 
44 46 
51 51 51 51 51 
50 50 50 50 50 52 
44 45 46 47 51 
54 60 61 62 65 
53 
56 56 56 56 56 57 58 58 
55 55 55 55 55 57 58 
55 56 58 58 58 58 
55 55 56 57 57 57 57 
60 60 60 60 60 
53 59 59 59 59 59 
53 62 62 62 62 62 64 64 66 
53 61 61 61 61 61 64 66 66 
64 
61 61 62 63 
53 
61 62 62 
68 68 68 68 68 72 73 
67 67 67 67 67 72 73 
70 70 70 70 71 71 71 71 72 
69 69 69 69 71 71 71 72 
69 69 69 69 70 70 70 72 
67 68 69 70 71 
67 68 74 75 
73 75 75 75 75 
73 74 74 74 74 
77 78 79 
76 78 79 
76 77 79 79 
76 77 78 78 
